930531
840606
920109
960105


980318
840626
860803
850823
850712


850823
850823
920307
970115
850000
920303
970818
851223
851123
980225
951217
951228

960901
930202
870318
851123












920305

949419
930119

930823
891121

880929


930211

960421

921003
961020
971223
920815
970306

930224
930204
930520
931201
931201
930623

970706

930805

920226
970613
940413
960726

970908
921014

910315
960116




920402
910125
930110
930330

920709

960122

960109
930116
940308
971225
940308
971215
970822
940217
940310
980205
940413
940322

940419
960417
940419
940824
960723
940920
940729
940923
940930
960411
960904
960511
960925
950220
921223
980401
970313
960328
951002
970225
960503
970115
970107
971031
970811
950928
961121
980102
960105
951207
971228
980330
101.07.01
980320
960326
950620
950810
960728
980727
950803
970625
980313
960704
971110

961218

980720
980917
980917
981208

99.03.30

99.12.30
100.06.30
100.06.09
101.09.01
101.08.01
100.10.01
101.06.18

101.04.06
101.09.01
101.08.01
102.6.11


102.06.10
1020915
1021001
1021231
1030206

1030501


1030930

1030926
1031231

103.03.31
104.05.26
104.03.13
103.9.19
104.8.31
104.12.1

105.5.20
105.6.6
105.6.1
105.7.27

105.10.31
105.11.23
105.12.30
106.1.1
106.4.1
106.4.30
106.4.1
106.6.19
106.7.13
106.7.7
105.7.7
106.9.18
106.10.14
106.12.12
106.12.31
107.2.12
107.1.25
107.4.25
107.5.1
107.5.21
107.10.28




108.10.25
109.2.12
109.4.13
109.5.18


109.7.23
109.8.12
109.8.10

109.10.16
109.12.07
